55555555435532112334554453222225335566543334555433
55545555543432223346665554101135223356433322565333
43324666666645665566555555521365332224433322654444
42213644457656666666655555554555432212443333754444
33215644337556666656655655556555432122333335744443
43346443157466666436655655566555432222333358744443
54466442586566665356656655555555533332332499844443
54445337965566664465556555555555553332232699744443
54444279756666653566555555555555554333355556444443
54467898556666643566555555555555555446665433433344
54589984566666533555554555555555555578654433322234
43456853666665422555555565555423244568754432323203
32224744566565532465555555555401044458754421333334
32236735465444432246554556555312245557854420334564
32369734344444333235551466555434555447754410346444
54468634434443332125541266555555555137854320343244
55547634444443232235551156665555564147865431232643
64559744554443233335653356666555552368866543414554
87799755664443322335655555524655532568888645311134
89976766764443322335655555632655534547998322211115
55657767764444323236665555641565555577997322210015
44467677753444333236665555542475545764688332211026
54677777743444333337776764343266543543358433221047
55777777743443333238765654344256643234237644332235
56777777733433323247544467544225544544205855555456
66777777633333333266433247744214557644324866666666
66677677633333332375443355543223356543335987766666
76667677633333332573444445443444465543225998766665
77667778633333333763444544443665434443225997666664
77777778533333334854444444442255432112224986666641
77777778533333335854444444431045542112324977666631
77787778533333346854444444432146544333335976665523
77777678433333346855444455444356554433435976666425
77786677433333346865555555444456555444436876665436
77787656433333346965656555444455555444447976666556
88888676433334446976556555544565555444447976666556
89877786433334347986555555544566555544438986666666
77888885433333347997655655554566555544437997666667
76679985443333348998655565554466555544448879877776
66677874433333359998665665565566554444448968976677
44556664433333379988765665565566555444449999866677
43445654443333389888766565555666655544469999866676
33345654443333498888866565555577665544576679976666
21245654433332688888876565555677665445874345787666
21246865543333888888886566665677776546664212335666
32344433333335888998887667666888888822565310001456
43322222222233333568999888778999999988865543322456
53222232222222222222468988778889999987666666665555
63222222222211111111113777666666666556666666665522
53222222222222222221222235665566655325666556655322
